30 
28 
30 
28 
30 
30 
30 
30 
22 
28 
30 
22 
22 
24 
28 
28 
30 
30 
28 
22 
28 
34 
34 
28 
28 
28 
30 
22 
24 
30 
22 
22 
22 
22 
34 
34 
30 
30 
22 
34 
22 
28 
35 
35 
34 
28 
28 
34 
30 
28 
30 
28 
22 
35 
34 
30 
30 
22 
22 
28 
22 
35 
28 
28 
28 
24 
30 
30 
30 
35 
34 
30 
22 
28 
34 
22 
34 
34 
34 
28 
34 
22 
34 
28 
30 
30 
24 
22 
35 
35 
28 
35 
22 
30 
35 
22 
30 
22 
34 
34 
34 
28 
22 
30 
24 
22 
34 
35 
22 
28 
35 
35 
30 
28 
34 
22 
34 
24 
30 
34 
22 
35 
28 
22 
22 
34 
24 
34 
34 
28 
22 
22 
30 
34 
30 
30 
30 
30 
35 
22 
24 
34 
34 
22 
34 
24 
23 
30 
30 
22 
34 
35 
35 
34 
30 
24 
24 
24 
30 
28 
34 
35 
35 
34 
22 
34 
24 
24 
24 
23 
35 
28 
24 
34 
24 
35 
24 
34 
34 
24 
35 
30 
35 
30 
34 
35 
34 
24 
35 
30 
23 
22 
35 
24 
34 
24 
30 
22 
24 
24 
22 
24 
34 
24 
24 
24 
35 
22 
30 
35 
30 
30 
22 
24 
24 
28 
24 
35 
24 
35 
22 
35 
35 
22 
22 
24 
30 
24 
28 
22 
35 
24 
24 
24 
24 
35 
22 
24 
24 
24 
34 
34 
35 
24 
34 
22 
30 
35 
22 
35 
34 
24 
24 
24 
35 
24 
24 
24 
22 
23 
35 
22 
24 
23 
35 
22 
35 
35 
35 
22 
24 
24 
22 
24 
24 
24 
22 
35 
22 
35 
30 
24 
23 
24 
22 
24 
24 
24 
22 
23 
24 
24 
24 
24 
24 
24 
22 
24 
34 
22 
24 
35 
22 
24 
24 
22 
23 
24 
24 
24 
22 
24 
23 
22 
22 
24 
24 
24 
23 
23 
23 
24 
22 
22 
22 
23 
